x
-1 1
1 -0.090459 0.091194
2 0.017078 0.83326
3 0.020085 0.845097
4 0.262 4.793
5 0.354815 13.629656
6 0.2 0.454
7 0.21655 214.012726
8 3.19207 1765.003782
9 -0.076111 0.067769
10 0.02415 0.634278
11 0.028463 0.655734
12 0.364 2.971
13 0.492602 6.195769
14 0.2 0.421
15 0.64987 85.07755
16 7.671243 479.595405
17 -0.086466 0.075
18 0.039372 0.526776
19 0.04627 0.52991
20 0.489 3.612
21 0.837116 6.054915
22 0.212 0.434
23 4.372636 117.43441
24 23.666624 545.76136
25 -0.073296 0.095135
26 0.06900000000000001 0.388608
27 0.083247 0.378895
28 0.705 4.591
29 1.672098 6.494464
30 0.263 0.451
31 15.119381 208.720381
32 64.84418100000001 712.677648
33 -0.051675 0.091017
34 0.111269 0.362592
35 0.1328 0.360605
36 1.207 5.167
37 2.238106 10.311162
38 0.307 0.478
39 9.440815000000001 278.996824
40 79.255315 1333.913508
41 -0.09148100000000001 0.08964999999999999
42 0.017308 0.845093
43 0.020082 0.846734
44 0.261 4.775
45 0.371 13.758717
46 0.2 0.447
47 0.232925 218.025492
48 3.475179 1801.842754
49 -0.077916 0.066788
50 0.024406 0.636784
51 0.028794 0.655027
52 0.355 2.974
53 0.5058550000000001 6.001946
54 0.2 0.421
55 0.649492 72.206808
56 7.749356 386.327177
57 -0.087614 0.073972
58 0.03853 0.527462
59 0.04714 0.5314640000000001
60 0.477 3.623
61 0.874258 5.286714
62 0.212 0.433
63 4.080531 120.596491
64 23.774561 444.007883
65 -0.067812 0.0988
66 0.06618200000000001 0.391108
67 0.084678 0.377056
68 0.706 4.644
69 1.654099 6.772682
70 0.273 0.446
71 13.486366 160.311457
72 59.894671 685.477132
73 -0.055992 0.093207
74 0.108164 0.364342
75 0.135116 0.368759
76 1.215 5.525
77 2.503746 9.146671
78 0.341 0.463
79 21.730996 256.331146
80 109.932449 1060.87748
81 -0.09089700000000001 0.090089
82 0.017667 0.857527
83 0.020425 0.84649
84 0.27 4.864
85 0.371908 13.646009
86 0.2 0.447
87 0.230206 217.996284
88 3.50783 1782.558926
89 -0.086196 0.06626700000000001
90 0.024862 0.637165
91 0.029419 0.65439
92 0.369 2.969
93 0.508908 5.984086
94 0.2 0.42
95 0.625259 66.77135300000001
96 7.661956 396.504555
97 -0.094635 0.072964
98 0.038757 0.526938
99 0.048098 0.530625
100 0.488 3.573
101 0.8970900000000001 5.19744
102 0.211 0.433
103 4.108557 112.853996
104 25.526934 421.701465
105 -0.080995 0.09737999999999999
106 0.068395 0.39078
107 0.08351699999999999 0.377081
108 0.711 4.709
109 1.660356 6.745118
110 0.277 0.448
111 12.147647 187.598248
112 58.744153 697.02113
113 -0.048315 0.08871
114 0.111321 0.355749
115 0.13275 0.373971
116 1.157 4.765
117 2.364043 8.728342
118 0.318 0.468
119 25.202467 255.785372
120 111.101969 1034.199063
